

runfile('E:/Projects/Python/ML and other/almondprediction_using ratio_2v.py', wdir='E:/Projects/Python/ML and other')
entire data

       L/W     W/T     L/T  ...  Ll_Hull_T_Avg  Ll_Hull_M_Avg  Ll_Hull_B_Avg
0   1.4096  1.4427  2.0336  ...           2.40           2.40            3.0
1   1.5332  1.2922  1.9813  ...           2.00           2.00            2.0
2   1.4822  1.3581  2.0129  ...           1.70           2.20            2.2
3   1.5609  1.3159  2.0539  ...           2.55           2.20            2.2
4   1.3716  1.4151  1.9410  ...           2.90           2.90            2.9
..     ...     ...     ...  ...            ...            ...            ...
95  1.5223  1.2948  1.9711  ...           1.70           1.70            1.8
96  1.5024  1.3029  1.9574  ...           1.70           2.35            3.4
97  1.4839  1.3427  1.9924  ...           1.60           2.40            2.4
98  1.4815  1.3089  1.9391  ...           1.80           1.90            2.4
99  1.3576  1.2228  1.6601  ...           1.30           1.30            2.3

[100 rows x 19 columns]
cols to drop
['Ker_L/W', 'Ker_W/T', 'Ker_L/T', 'FruitMass_Avg', 'Rr_Hull_T_Avg', 'Rr_Hull_M_Avg', 'Rr_Hull_B_Avg', 'Rl_Hull_T_Avg', 'Rl_Hull_M_Avg', 'Rl_Hull_B_Avg', 'lr_Hull_T_Avg', 'lr_Hull_M_Avg', 'lr_Hull_B_Avg', 'Ll_Hull_T_Avg', 'Ll_Hull_M_Avg', 'Ll_Hull_B_Avg']
X_train:
        L/W     W/T     L/T
55  1.3673  1.3316  1.8207
88  1.4158  1.3080  1.8518
26  1.4315  1.2015  1.7200
42  1.5006  1.3784  2.0684
69  1.5929  1.3403  2.1349
..     ...     ...     ...
60  1.4180  1.3935  1.9760
71  1.5053  1.4006  2.1084
14  1.4377  1.2404  1.7834
92  1.4989  1.3139  1.9694
51  1.4315  1.2806  1.8332

[80 rows x 3 columns]
y_train:
     Rr_Hull_T_Avg  Rr_Hull_M_Avg  ...  Ll_Hull_M_Avg  Ll_Hull_B_Avg
55            1.6            1.8  ...            1.8           1.80
88            1.8            1.8  ...            1.9           2.20
26            1.3            1.5  ...            1.4           1.70
42            1.7            1.8  ...            1.8           1.80
69            1.3            2.0  ...            1.4           2.00
..            ...            ...  ...            ...            ...
60            1.4            1.8  ...            2.0           1.65
71            1.2            1.6  ...            1.3           1.30
14            2.0            2.0  ...            2.0           2.00
92            1.9            1.9  ...            1.9           1.70
51            1.9            2.0  ...            2.4           2.40

[80 rows x 12 columns]
X_test:
        L/W     W/T     L/T
83  1.5704  1.2077  1.8966
53  1.3844  1.3366  1.8505
70  1.5427  1.4358  2.2151
45  1.3282  1.3500  1.7930
44  1.4281  1.3318  1.9020
39  1.4867  0.6773  1.0069
22  1.4656  1.2754  1.8692
80  1.4723  1.2110  1.7829
10  1.5143  1.3972  2.1159
0   1.4096  1.4427  2.0336
18  1.4561  1.4453  2.1045
30  1.5444  1.3143  2.0298
73  1.4313  1.3136  1.8801
33  1.4867  1.3439  1.9980
90  1.5109  1.4061  2.1246
4   1.3716  1.4151  1.9410
76  1.9496  1.0015  1.9526
77  1.5545  1.2728  1.9786
12  1.5067  1.2747  1.9206
31  1.6813  1.2617  2.1212
y_test:
     Rr_Hull_T_Avg  Rr_Hull_M_Avg  ...  Ll_Hull_M_Avg  Ll_Hull_B_Avg
83           1.20           1.60  ...            1.7           2.10
53           2.20           2.20  ...            1.9           1.80
70           1.75           2.00  ...            2.2           3.20
45           1.80           1.80  ...            1.6           1.60
44           1.60           2.00  ...            2.8           3.15
39           1.20           2.00  ...            2.7           2.70
22           2.20           2.20  ...            2.5           2.90
80           2.30           2.75  ...            3.2           3.40
10           2.00           2.00  ...            2.0           2.00
0            2.05           2.70  ...            2.4           3.00
18           2.00           2.00  ...            2.0           2.00
30           1.70           1.70  ...            2.4           3.00
73           1.00           1.20  ...            1.8           1.80
33           1.70           2.00  ...            2.3           2.30
90           1.80           1.90  ...            2.0           2.00
4            2.30           2.30  ...            2.9           2.90
76           1.30           1.30  ...            1.4           1.10
77           1.30           1.30  ...            1.8           2.00
12           1.70           1.70  ...            1.7           1.70
31           1.30           1.50  ...            2.0           2.80

[20 rows x 12 columns]


R2 Score: -0.32712776411864436
MSE: 0.4147904922828279
   Actual_Rr_Hull_T_Avg  ...  Pred_Ll_Hull_B_Avg
0                  1.20  ...            1.926955
1                  2.20  ...            2.120165
2                  1.75  ...            2.080123
3                  1.80  ...            2.156793
4                  1.60  ...            2.091635

[5 rows x 24 columns]

Feature Importance (Coefficients):
     Rr_Hull_T_Avg  Rr_Hull_M_Avg  ...  Ll_Hull_M_Avg  Ll_Hull_B_Avg
L/W     -10.795276      -2.603518  ...       9.448766       7.505767
W/T     -11.736790      -2.154373  ...      10.314887       9.404253
L/T       8.128083       2.066092  ...      -6.770190      -6.063646

[3 rows x 12 columns]
